1 0.951 0.819 0.638 0.449 0.287 0.165 0.0863 0.0408 0.0174 
0.951 0.905 0.779 0.607 0.427 0.273 0.157 0.0821 0.0388 0.0166 
0.819 0.779 0.67 0.522 0.368 0.235 0.135 0.0707 0.0334 0.0143 
0.638 0.607 0.522 0.407 0.287 0.183 0.105 0.055 0.026 0.0111 
0.449 0.427 0.368 0.287 0.202 0.129 0.0743 0.0388 0.0183 0.00783 
0.287 0.273 0.235 0.183 0.129 0.0821 0.0474 0.0247 0.0117 0.00499 
0.165 0.157 0.135 0.105 0.0743 0.0474 0.0273 0.0143 0.00674 0.00288 
0.0863 0.0821 0.0707 0.055 0.0388 0.0247 0.0143 0.00745 0.00352 0.0015 
0.0408 0.0388 0.0334 0.026 0.0183 0.0117 0.00674 0.00352 0.00166 0.00071 
0.0174 0.0166 0.0143 0.0111 0.00783 0.00499 0.00288 0.0015 0.00071 0.000304 